# Created by Octave 4.2.1, Mon Dec 04 18:21:51 2017 GMT <unknown@unknown>
# name: ans
# type: scalar
0.1306864805390419


# name: e
# type: matrix
# rows: 1
# columns: 3
 0 794.7023535338897 0.7609818867800999


# name: ex1data2
# type: matrix
# rows: 47
# columns: 3
 2104 3 399900
 1600 3 329900
 2400 3 369000
 1416 2 232000
 3000 4 539900
 1985 4 299900
 1534 3 314900
 1427 3 198999
 1380 3 212000
 1494 3 242500
 1940 4 239999
 2000 3 347000
 1890 3 329999
 4478 5 699900
 1268 3 259900
 2300 4 449900
 1320 2 299900
 1236 3 199900
 2609 4 499998
 3031 4 599000
 1767 3 252900
 1888 2 255000
 1604 3 242900
 1962 4 259900
 3890 3 573900
 1100 3 249900
 1458 3 464500
 2526 3 469000
 2200 3 475000
 2637 3 299900
 1839 2 349900
 1000 1 169900
 2040 4 314900
 3137 3 579900
 1811 4 285900
 1437 3 249900
 1239 3 229900
 2132 4 345000
 4215 4 549000
 2162 4 287000
 1664 2 368500
 2238 3 329900
 2567 4 314000
 1200 3 299000
 852 2 179900
 1852 4 299900
 1203 3 239500


# name: i
# type: scalar
100


# name: j
# type: matrix
# rows: 100
# columns: 1
 20141.28872190836
 0.4879176052920901
 0.1790780637308581
 0.1555443620637055
 0.1434567275793604
 0.1372469440747938
 0.1340567899580217
 0.1324179109173384
 0.1315759689569952
 0.131143437781315
 0.1309212333674696
 0.1308070802045072
 0.1307484362539982
 0.1307183090735796
 0.130702831824985
 0.130694880691795
 0.1306907959529198
 0.1306886974983622
 0.130687619458452
 0.1306870656365721
 0.1306867811214333
 0.1306866349573557
 0.1306865598684249
 0.130686521292958
 0.1306865014755678
 0.1306864912947719
 0.1306864860645875
 0.1306864833776827
 0.130686481997338
 0.130686481288213
 0.1306864809239139
 0.1306864807367624
 0.1306864806406169
 0.1306864805912241
 0.1306864805658496
 0.1306864805528138
 0.130686480546117
 0.1306864805426766
 0.1306864805409092
 0.1306864805400011
 0.1306864805395348
 0.1306864805392951
 0.1306864805391721
 0.1306864805391088
 0.1306864805390764
 0.1306864805390596
 0.1306864805390511
 0.1306864805390466
 0.1306864805390444
 0.1306864805390433
 0.1306864805390426
 0.1306864805390423
 0.1306864805390422
 0.1306864805390421
 0.130686480539042
 0.1306864805390419
 0.130686480539042
 0.1306864805390419
 0.130686480539042
 0.1306864805390419
 0.130686480539042
 0.130686480539042
 0.1306864805390419
 0.130686480539042
 0.130686480539042
 0.130686480539042
 0.130686480539042
 0.1306864805390419
 0.1306864805390419
 0.130686480539042
 0.130686480539042
 0.130686480539042
 0.130686480539042
 0.1306864805390419
 0.130686480539042
 0.1306864805390419
 0.130686480539042
 0.130686480539042
 0.130686480539042
 0.130686480539042
 0.1306864805390419
 0.1306864805390419
 0.130686480539042
 0.130686480539042
 0.130686480539042
 0.130686480539042
 0.130686480539042
 0.130686480539042
 0.130686480539042
 0.130686480539042
 0.1306864805390419
 0.130686480539042
 0.130686480539042
 0.130686480539042
 0.130686480539042
 0.1306864805390419
 0.130686480539042
 0.130686480539042
 0.130686480539042
 0.1306864805390419


# name: t
# type: matrix
# rows: 1
# columns: 3
 1 2000.68085106383 3.170212765957447


# name: theta
# type: matrix
# rows: 3
# columns: 1
 -8.503835933299071e-017
 0.8847659878549492
 -0.05317881966327646


# name: x
# type: matrix
# rows: 47
# columns: 3
 1 0.1300098690745405 -0.2236751871685913
 1 -0.5041898382231769 -0.2236751871685913
 1 0.502476363836692 -0.2236751871685913
 1 -0.7357230646969468 -1.537766911784067
 1 1.257476015381594 1.090416537446884
 1 -0.01973172848186497 1.090416537446884
 1 -0.5872397998931161 -0.2236751871685913
 1 -0.7218814044186236 -0.2236751871685913
 1 -0.7810230437896409 -0.2236751871685913
 1 -0.6375731099961096 -0.2236751871685913
 1 -0.07635670234773261 1.090416537446884
 1 -0.0008567371932424295 -0.2236751871685913
 1 -0.1392733399764744 -0.2236751871685913
 1 3.117291823687202 2.40450826206236
 1 -0.9219563120780225 -0.2236751871685913
 1 0.3766430885792084 1.090416537446884
 1 -0.856523008944131 -1.537766911784067
 1 -0.9622229601604173 -0.2236751871685913
 1 0.7654679091248329 1.090416537446884
 1 1.296484330711414 1.090416537446884
 1 -0.2940482685431793 -0.2236751871685913
 1 -0.1417900054816241 -1.537766911784067
 1 -0.4991565072128776 -0.2236751871685913
 1 -0.04867338179108621 1.090416537446884
 1 2.377392165173198 -0.2236751871685913
 1 -1.133356214510595 -0.2236751871685913
 1 -0.6828730890888036 -0.2236751871685913
 1 0.6610262906611214 -0.2236751871685913
 1 0.2508098133217248 -0.2236751871685913
 1 0.8007012261969283 -0.2236751871685913
 1 -0.2034483103577911 -1.537766911784067
 1 -1.259189489768079 -2.851858636399542
 1 0.04947657290975102 1.090416537446884
 1 1.429867602484346 -0.2236751871685913
 1 -0.2386816274298865 1.090416537446884
 1 -0.7092980768928753 -0.2236751871685913
 1 -0.9584479619026928 -0.2236751871685913
 1 0.1652431861466359 1.090416537446884
 1 2.78635030976002 1.090416537446884
 1 0.202993168723881 1.090416537446884
 1 -0.4236565420583874 -1.537766911784067
 1 0.2986264579195686 -0.2236751871685913
 1 0.7126179335166897 1.090416537446884
 1 -1.007522939253111 -0.2236751871685913
 1 -1.445422737149154 -1.537766911784067
 1 -0.1870899845743182 1.090416537446884
 1 -1.003747940995387 -0.2236751871685913


# name: x_1
# type: matrix
# rows: 100
# columns: 3
 1 -2 -2
 1 -1.95959595959596 -1.939393939393939
 1 -1.919191919191919 -1.878787878787879
 1 -1.878787878787879 -1.818181818181818
 1 -1.838383838383838 -1.757575757575758
 1 -1.797979797979798 -1.696969696969697
 1 -1.757575757575758 -1.636363636363636
 1 -1.717171717171717 -1.575757575757576
 1 -1.676767676767677 -1.515151515151515
 1 -1.636363636363636 -1.454545454545455
 1 -1.595959595959596 -1.393939393939394
 1 -1.555555555555556 -1.333333333333333
 1 -1.515151515151515 -1.272727272727273
 1 -1.474747474747475 -1.212121212121212
 1 -1.434343434343434 -1.151515151515151
 1 -1.393939393939394 -1.090909090909091
 1 -1.353535353535353 -1.03030303030303
 1 -1.313131313131313 -0.9696969696969697
 1 -1.272727272727273 -0.9090909090909092
 1 -1.232323232323232 -0.8484848484848484
 1 -1.191919191919192 -0.7878787878787878
 1 -1.151515151515151 -0.7272727272727273
 1 -1.111111111111111 -0.6666666666666665
 1 -1.07070707070707 -0.606060606060606
 1 -1.03030303030303 -0.5454545454545454
 1 -0.9898989898989898 -0.4848484848484849
 1 -0.9494949494949494 -0.4242424242424243
 1 -0.9090909090909089 -0.3636363636363635
 1 -0.8686868686868685 -0.303030303030303
 1 -0.8282828282828283 -0.2424242424242424
 1 -0.7878787878787878 -0.1818181818181817
 1 -0.7474747474747474 -0.1212121212121211
 1 -0.707070707070707 -0.06060606060606055
 1 -0.6666666666666665 0
 1 -0.6262626262626261 0.06060606060606055
 1 -0.5858585858585856 0.1212121212121211
 1 -0.5454545454545454 0.1818181818181817
 1 -0.505050505050505 0.2424242424242427
 1 -0.4646464646464645 0.3030303030303032
 1 -0.4242424242424241 0.3636363636363638
 1 -0.3838383838383836 0.4242424242424243
 1 -0.3434343434343432 0.4848484848484849
 1 -0.303030303030303 0.5454545454545454
 1 -0.2626262626262625 0.606060606060606
 1 -0.2222222222222221 0.666666666666667
 1 -0.1818181818181817 0.7272727272727275
 1 -0.1414141414141412 0.7878787878787881
 1 -0.1010101010101008 0.8484848484848486
 1 -0.06060606060606055 0.9090909090909092
 1 -0.02020202020202011 0.9696969696969697
 1 0.02020202020202033 1.03030303030303
 1 0.060606060606061 1.090909090909091
 1 0.1010101010101012 1.151515151515151
 1 0.1414141414141414 1.212121212121212
 1 0.1818181818181821 1.272727272727273
 1 0.2222222222222223 1.333333333333333
 1 0.262626262626263 1.393939393939394
 1 0.3030303030303032 1.454545454545455
 1 0.3434343434343434 1.515151515151515
 1 0.3838383838383841 1.575757575757576
 1 0.4242424242424243 1.636363636363637
 1 0.464646464646465 1.696969696969697
 1 0.5050505050505052 1.757575757575758
 1 0.5454545454545459 1.818181818181818
 1 0.5858585858585861 1.878787878787879
 1 0.6262626262626263 1.939393939393939
 1 0.666666666666667 2
 1 0.7070707070707072 2.060606060606061
 1 0.7474747474747478 2.121212121212121
 1 0.7878787878787881 2.181818181818182
 1 0.8282828282828287 2.242424242424242
 1 0.868686868686869 2.303030303030303
 1 0.9090909090909092 2.363636363636363
 1 0.9494949494949498 2.424242424242425
 1 0.9898989898989901 2.484848484848485
 1 1.030303030303031 2.545454545454546
 1 1.070707070707071 2.606060606060606
 1 1.111111111111111 2.666666666666667
 1 1.151515151515152 2.727272727272728
 1 1.191919191919192 2.787878787878788
 1 1.232323232323233 2.848484848484849
 1 1.272727272727273 2.909090909090909
 1 1.313131313131314 2.96969696969697
 1 1.353535353535354 3.03030303030303
 1 1.393939393939394 3.090909090909091
 1 1.434343434343435 3.151515151515151
 1 1.474747474747475 3.212121212121212
 1 1.515151515151516 3.272727272727272
 1 1.555555555555556 3.333333333333334
 1 1.595959595959596 3.393939393939394
 1 1.636363636363637 3.454545454545455
 1 1.676767676767677 3.515151515151516
 1 1.717171717171718 3.575757575757576
 1 1.757575757575758 3.636363636363637
 1 1.797979797979798 3.696969696969697
 1 1.838383838383839 3.757575757575758
 1 1.878787878787879 3.818181818181818
 1 1.91919191919192 3.878787878787879
 1 1.95959595959596 3.939393939393939
 1 2 4


# name: y
# type: matrix
# rows: 47
# columns: 1
 0.4757468665785908
 -0.08407444031258185
 0.2286257468223446
 -0.8670245252360934
 1.595389480360936
 -0.3239978575516558
 -0.2040361489321189
 -1.130948281646316
 -1.026973470062143
 -0.7830513292024175
 -0.8030529447529149
 0.05268190751369034
 -0.0832826930356929
 2.874981038969331
 -0.6438957472037545
 0.8756192286437142
 -0.3239978575516558
 -1.123742581681903
 1.276275340538485
 2.068038612321912
 -0.6998778778928718
 -0.6830832386861366
 -0.7798523503058965
 -0.6438957472037545
 1.86730268656522
 -0.7238702196167792
 0.9923819583667303
 1.028370470952591
 1.076355154400406
 -0.3239978575516558
 0.0758745045134675
 -1.363665998920977
 -0.2040361489321189
 1.915287370013035
 -0.4359621189298904
 -0.7238702196167792
 -0.8838191644428286
 0.03668701303108541
 1.668166250256789
 -0.4271649269644577
 0.2246270232016934
 -0.08407444031258185
 -0.2112338514492911
 -0.3311955600688281
 -1.283691526507952
 -0.3239978575516558
 -0.8070436709263249


